=== MAP ===
-- ZONE 1 --
-1 2 -1 -1 -1 -1 -1 -1 -1 -1 -1 -1 -1 -1 -1
-1 1 -1 0 4 0 5 5 4 5 3 4 0 5 -1
-1 13 -1 -1 -1 -1 -1 -1 -1 -1 -1 -1 -1 5 -1
-1 3 34 16 5 26 37 14 4 4 4 33 4 21 -1
-1 -1 -1 -1 -1 -1 -1 -1 -1 -1 -1 -1 -1 3 -1
-1 3 4 4 4 4 -1 30 0 33 -1 3 12 4 -1
-1 0 -1 19 -1 0 -1 15 -1 4 -1 0 -1 -1 -1
-1 5 -1 5 -1 12 5 0 -1 -2 -1 4 -1 30 -1
-1 -1 -1 3 -1 0 -1 -1 -1 -1 -1 4 -1 4 -1
-1 5 0 20 -1 5 -1 0 3 3 -1 3 -1 5 -1
-1 0 -1 -1 -1 -1 -1 0 -1 0 -1 23 -1 5 -1
-1 0 0 4 3 0 -1 3 -1 5 3 30 -1 4 -1
-1 5 -1 -1 -1 15 -1 4 -1 -1 -1 -1 -1 19 -1
-1 5 12 26 -1 4 0 0 0 0 3 0 17 3 -1
-1 -1 -1 -1 -1 -1 -1 -1 -1 -1 -1 -1 -1 -1 -1
-- ZONE 2 --
-1 2 -1 -1 -1 -1 -1 -1 -1 -1 -1 -1 -1 -1 -1
-2 0 0 7 58 8 -1 49 8 7 61 8 -1 8 -1
-1 -1 -1 -1 -1 0 -1 -1 -1 8 -1 7 -1 0 -1
-1 67 8 7 -1 6 7 7 -1 0 -1 6 8 8 -1
-1 -1 -1 7 -1 -1 -1 6 -1 0 -1 -1 -1 8 -1
-1 0 0 8 0 0 -1 6 6 56 -1 7 6 0 -1
-1 6 -1 -1 -1 -1 -1 -1 -1 -1 -1 59 -1 -1 -1
-1 6 8 7 7 0 8 7 8 6 -1 66 0 8 -1
-1 6 -1 -1 -1 -1 -1 -1 -1 46 -1 -1 -1 8 -1
-1 6 -1 0 6 8 6 8 -1 8 59 8 -1 0 -1
-1 6 -1 6 -1 -1 -1 44 -1 0 -1 -1 -1 6 -1
-1 41 -1 7 0 8 -1 8 -1 8 -1 0 6 8 -1
-1 8 -1 -1 -1 6 -1 8 -1 61 -1 7 -1 -1 -1
-1 6 7 55 7 49 -1 -3 -1 6 62 6 67 8 -1
-1 -1 -1 -1 -1 -1 -1 -1 -1 -1 -1 -1 -1 -1 -1
-- ZONE 3 --
-1 2 -1 -1 -1 -1 -1 -1 -1 -1 -1 -1 -1 -1 -1
-3 0 -1 10 89 11 -1 10 11 9 10 0 10 0 -1
-1 9 -1 9 -1 11 -1 -1 -1 -1 -1 -1 -1 9 -1
-1 10 9 11 -1 0 9 10 11 0 11 9 -1 9 -1
-1 -1 -1 -1 -1 -1 -1 -1 -1 -1 -1 11 -1 81 -1
-1 88 10 9 0 11 10 9 -1 9 -1 98 -1 0 -1
-1 9 -1 0 -1 -1 -1 9 -1 9 -1 85 -1 0 -1
-1 9 -1 0 10 9 -1 11 11 0 -1 0 -1 11 -1
-1 0 -1 -1 -1 0 -1 -1 -1 -1 -1 0 -1 9 -1
-1 11 95 11 -1 9 86 9 80 10 -1 10 -1 11 -1
-1 -1 -1 0 -1 -1 -1 -1 -1 10 -1 92 -1 10 -1
-1 11 -1 10 -1 99 9 9 -1 0 -1 0 -1 74 -1
-1 0 -1 10 -1 -1 -1 10 -1 10 -1 80 -1 9 -1
-1 88 9 10 85 88 11 10 -1 10 77 0 86 9 -1
-1 -1 -1 -1 -1 -1 -1 -1 -1 -1 -1 -1 -1 -1 -1
=== PLAYER ===
{1}
{2}/{60}
{96}/{100}
-- INVENTORY --
{1}@{1}@{6}
{1}@{2}@{10}
{1}@{3}@{10}
{1}@{4}@{10}
{0}@{0}@{0}
{0}@{0}@{0}
{0}@{0}@{0}
{0}@{0}@{0}
{0}@{0}@{0}
{0}@{0}@{0}
-- STORAGE --
